7.14419337154423e-07
5.57247308220533e-06
1.77479941306959e-05
3.82641285807318e-05
6.50423158307464e-05
9.24169811664076e-05
0.000111298815553738
0.000110112816514461
7.65444314801520e-05
-1.56791421772707e-19
-0.000125463266767296
-0.000298137271897174
-0.000506122843040167
-0.000725852702785616
-0.000922266566612333
-0.00105110269786068
-0.00106352829393736
-0.000912985313903174
-0.000563714967252611
7.82810134922908e-19
0.000765199472393950
0.00168376785463738
0.00266968841349261
0.00360137936281509
0.00432997478717493
0.00469369573498520
0.00453757931215545
0.00373690543569303
0.00222181597568978
-1.98767870317317e-18
-0.00282595223878664
-0.00604975527808540
-0.00936377936687134
-0.0123740432689208
-0.0146279127863095
-0.0156529507031613
-0.0150037635746119
-0.0123123283465777
-0.00733636374082045
3.31117828542830e-18
0.00957861243113166
0.0210770264101394
0.0339781270303549
0.0476001110814008
0.0611449505003655
0.0737612617484627
0.0846156748643768
0.0929655954531293
0.0982258511399435
0.100022183688366
0.0982258511399435
0.0929655954531293
0.0846156748643767
0.0737612617484628
0.0611449505003655
0.0476001110814008
0.0339781270303549
0.0210770264101394
0.00957861243113166
3.31117828542830e-18
-0.00733636374082045
-0.0123123283465777
-0.0150037635746119
-0.0156529507031613
-0.0146279127863095
-0.0123740432689208
-0.00936377936687133
-0.00604975527808539
-0.00282595223878664
-1.98767870317317e-18
0.00222181597568978
0.00373690543569303
0.00453757931215545
0.00469369573498520
0.00432997478717493
0.00360137936281510
0.00266968841349262
0.00168376785463738
0.000765199472393949
7.82810134922908e-19
-0.000563714967252612
-0.000912985313903176
-0.00106352829393736
-0.00105110269786068
-0.000922266566612334
-0.000725852702785617
-0.000506122843040168
-0.000298137271897175
-0.000125463266767296
-1.56791421772707e-19
7.65444314801522e-05
0.000110112816514462
0.000111298815553739
9.24169811664076e-05
6.50423158307463e-05
3.82641285807319e-05
1.77479941306959e-05
5.57247308220554e-06
7.14419337154423e-07
-5.41100024621749e-35